











                                             6          5 4
                                           7777     7777777777
                               6                 3                 6 8   9
                    4        7777       7777777777              7777777777777777
              7777777777    3     6
  1 2   3 8               777777777777            77          77
777777777777            77

77777777777777777777777777777777777777777777777777777777777777777777777777777777
77777777777777777777777777777777777777777777777777777777777777777777777777777777
