



                                                                                                                                                                                                                                                                                                                                                                                                                                                                                                      6
                                                                                                                                                                                                                                                                                                                                                                                                                                                       83                          3                 000
                                                                                                                                                                                                                                                      6                                                                                                                                                               6                             00000000           0000000  0000000                                                                                                                                                                                                                                                               6                                                 6
                                                                                                                                                                                                                                   3                 000                                                                                                                                                             000            3        8  4                                          6              55                                                                                                                                                                                                                                         000                                               000
                                                                                                                                                                      6                                                0000000  0000000                                                                                                                                                                                         00000000  00000000            0000000         00         0000000  000000000000
                                                                                                                                                                     000            3        8  4                                          6              55         3                                                                                                     83                             6  4     6      55                                                                                         3                                                                                                                                                                                                                     6              55         3                                      3     63      9  4
                                                                                                                                                                                00000000  00000000            0000000         00         0000000  000000000000  0000000000                              6                             6                                 000000000             00000000  00000000  000000000000          00        00        00       00                00       00              0000000000                              6                                                                                                                                                                                0000000  000000000000  0000000000                          0000000000  0000000000000000
                                                                                                                           83                             6        6      55                           83                                                                      8 3         8 3         000                           000             3         8    4                                                                                                                                                          8 3  4      8 3         000                                                                                                                                                                         3                                           8 3  4      8 3
                                                                                      6                                 000000000             00000000  00000000  000000000000          00          00000000         00                00       00            00            0000000000  0000000000                                              0000000000  0000000000             000000000          00        00            00                                                                              00            0000000000  0000000000                                    6                                                                                                                                0000000  0000000         00            00            0000000000  0000000000            00
                                                                                     000             3         8    4                                                                                                                                                                                       3     6       9        6      55                                                                                                                                                                                                                3                        000
    6                                                   6                                       0000000000  0000000000             000000000          00        00            00                  00        00                                                            00          00            0000000000  0000000000000000  000000000000            00          00         00         00                                                                                                                            00          00            0000000000                                                                                                                                                0000000         00       00                                 00          00          00
   000                         8           8           000        6                6      55                                                                                                                                                                                                                                                                                                                                                                                                                                                                      6       9        6      55                                                                                                 8  4      83
                            0000000000  0000000000              0000000000000000  000000000000            00          00         00         00                                                                                                                                                    00          00                00            00                                                                                                                                                                                                  00            0000000000000000  000000000000                                                                        6                   00000000  00000000         00
  1 2                3                                                                                                                                                                                                                                                                                                                                                                                                                                                                                                                                                                               3         8    4                                                000            3
00000000000000  0000000000            00            0000000000                  00            00                                                                                                                                                                                                                                                                                                                                                                                                                                                              00                00              0000000000  0000000000                                                          00000000          00        00
                                                                                                                                                                                                                                                                                                                                                                                                                                                                                                                                                                                                                           83                             6        6      55
              00          00                      00          00                                                                                                                                                                                                                                                                                                                                                                                                                                                                                                                              00          00            000000000                       00000000  000000000000          00
                                                                                                                                                                                                                                                                                                                                                                                                                                                                                                                                                                                                                                                  3
                                                                                                                                                                                                                                                                                                                                                                                                                                                                                                                                                                                                                      00           000000000  00000000          00            00

                                                                                                                                                                                                                                                                                                                                                                                                                                                                                                                                                                                                                                 00         00        00
